[Model Description]
rover_mass = 0.92
rover_inertia_xx = 0.05611891
rover_inertia_yy = 0.00437279
rover_inertia_zz = 0.00838309
rover_inertia_xy = 0
rover_inertia_xz = 0
rover_inertia_yz = 0
arm_offset_x = 0.1328161
arm_offset_y = 0.0
arm_offset_z = 0.0
arm_cm_distance = -0.004087
link_lenght = 0.11081344461055073
link_angle = 0.24117452059003577
hinge1_len = 0.10760629500669995
hinge1_height = 0.026467050863038296
swing_arm_mass = 0.168615
swing_arm_inertia_xx = 9.245399999999999e-05
swing_arm_inertia_yy = 0.00074029055
swing_arm_inertia_zz = 0.00069080801
swing_arm_inertia_xy = 2.0763999999999997e-07
swing_arm_inertia_xz = 0
swing_arm_inertia_yz = 1.10413e-06
central_link_cm_dist_x = 0.0
central_link_cm_dist_y = 0.050808
central_link_cm_dist_z = 0.009641
central_link_lenght = 0.1
central_link_mass = 0.0766
central_link_inertia_xx = 3.97567e-05
central_link_inertia_yy = 8.38321e-05
central_link_inertia_zz = 5.84776e-05
central_link_inertia_xy = 2.4899999999999998e-08
central_link_inertia_xz = -3.7289999999999998e-06
central_link_inertia_yz = -3.11e-08
terminal_link_cm_dist_x = 0.06471
terminal_link_cm_dist_y = 0.1413
terminal_link_cm_dist_z = -0.01137
terminal_link_lenght = 0.16939
terminal_link_mass = 0.38157
terminal_link_inertia_xx = 3.97567e-05
terminal_link_inertia_yy = 8.38321e-05
terminal_link_inertia_zz = 5.84776e-05
terminal_link_inertia_xy = 2.4899999999999998e-08
terminal_link_inertia_xz = -3.7289999999999998e-06
terminal_link_inertia_yz = -3.11e-08
wheel_offset_x = 0.10577
wheel_offset_y = 0.16639
wheel_offset_z = -0.02713
wheel_mass = 0.2242
wheel_inertia_xx = 0.0011087748999999997
wheel_inertia_yy = 0.0006752717999999999
wheel_inertia_zz = 0.0006752717999999999
wheel_radius = 0.09079180403550001
simplified = False
debugging = False
action-reaction = True
initial symbols substitution = False
wheel-torque-control-debug = False

[Springs Definition]
k_fr1 = 10.5
m0_fr1 = 1
e_fr1 = 1.5
f_fr1 = 133
c_fr1 = 5e-3
k_fr2 = 10.5
m0_fr2 = 1
e_fr2 = 1.5
f_fr2 = 133
c_fr2 = 5e-3
k_br1 = 10.5
m0_br1 = 1
e_br1 = 1.5
f_br1 = 133
c_br1 = 5e-3
k_br2 = 10.5
m0_br2 = 1
e_br2 = 1.5
f_br2 = 133
c_br2 = 5e-3
k_fl1 = 10.5
m0_fl1 = 1
e_fl1 = 1.5
f_fl1 = 133
c_fl1 = 5e-3
k_fl2 = 10.5
m0_fl2 = 1
e_fl2 = 1.5
f_fl2 = 133
c_fl2 = 5e-3
k_bl1 = 10.5
m0_bl1 = 1
e_bl1 = 1.5
f_bl1 = 133
c_bl1 = 5e-3
k_bl2 = 10.5
m0_bl2 = 1
e_bl2 = 1.5
f_bl2 = 133
c_bl2 = 5e-3

[Ground Properties]
stiffness = 1e6
damping = 1e2
exp = 1.5
max depth = 1e-4

[Plotting]
center mass = True
live animation = True
save animation = True
animation name = auto
plot contact point = True
animation fps = 30

[Simulator]
simulation_time = 5
eom_method = Kane
integrator = ipv - RK23
step size = 1e-5
min step size = auto
max stiff order = auto
max non-stiff order = auto
lambdifier = lambdify
autowrap save files = True
autowrap save dir = data/wrappers/full_model

[Friction Properties]
load_model = True
g1 = 2.0430
g2 = 239.1462
g3 = 120.0534
g4 = 0.5
g5 = 84.4111
g6 = 0

[Controller]
frequency = 100

[Wheel-Steer-Controller]
k1 = .3
k2 = .3
k3 = .3
k4 = .3
d1 = .05
d2 = .05
d3 = .05
d4 = .05
i1 = .05
i2 = .05
i3 = .05
i4 = .05

[Wheel-Drive-Controller]
k1 = .1
k2 = .1
k3 = .1
k4 = .1
d1 = 0
d2 = 0
d3 = 0
d4 = 0
i1 = 0
i2 = 0
i3 = 0
i4 = 0

